--------------------------- 0 0 0 ----------------------
(785, 16)
array([[[9.9524838e-01, 4.4858376e-03, 2.6578503e-04],
        [9.9749440e-01, 2.2602086e-03, 2.4539186e-04],
        [9.9978459e-01, 4.7138307e-08, 2.1536405e-04],
        ...,
        [9.9978465e-01, 2.5655353e-08, 2.1532593e-04],
        [9.9941444e-01, 3.3990954e-04, 2.4564649e-04],
        [9.9307716e-01, 6.6035478e-03, 3.1929323e-04]],

       [[9.9524838e-01, 4.4858376e-03, 2.6578503e-04],
        [9.9749440e-01, 2.2602086e-03, 2.4539186e-04],
        [9.9978459e-01, 4.7138307e-08, 2.1536405e-04],
        ...,
        [9.9978465e-01, 2.5655353e-08, 2.1532593e-04],
        [9.9941444e-01, 3.3990954e-04, 2.4564649e-04],
        [9.9307716e-01, 6.6035478e-03, 3.1929323e-04]],

       [[9.9524838e-01, 4.4858376e-03, 2.6578503e-04],
        [9.9749440e-01, 2.2602086e-03, 2.4539186e-04],
        [9.9978459e-01, 4.7138307e-08, 2.1536405e-04],
        ...,
        [9.9978465e-01, 2.5655353e-08, 2.1532593e-04],
        [9.9941444e-01, 3.3990954e-04, 2.4564649e-04],
        [9.9307716e-01, 6.6035478e-03, 3.1929323e-04]],

       ...,

       [[9.9524838e-01, 4.4858376e-03, 2.6578503e-04],
        [9.9749440e-01, 2.2602086e-03, 2.4539186e-04],
        [9.9978459e-01, 4.7138307e-08, 2.1536405e-04],
        ...,
        [9.9978465e-01, 2.5655353e-08, 2.1532593e-04],
        [9.9941444e-01, 3.3990954e-04, 2.4564649e-04],
        [9.9307716e-01, 6.6035478e-03, 3.1929323e-04]],

       [[9.9524838e-01, 4.4858376e-03, 2.6578503e-04],
        [9.9749440e-01, 2.2602086e-03, 2.4539186e-04],
        [9.9978459e-01, 4.7138307e-08, 2.1536405e-04],
        ...,
        [9.9978465e-01, 2.5655353e-08, 2.1532593e-04],
        [9.9941444e-01, 3.3990954e-04, 2.4564649e-04],
        [9.9307716e-01, 6.6035478e-03, 3.1929323e-04]],

       [[9.9524838e-01, 4.4858376e-03, 2.6578503e-04],
        [9.9749440e-01, 2.2602086e-03, 2.4539186e-04],
        [9.9978459e-01, 4.7138307e-08, 2.1536405e-04],
        ...,
        [9.9978465e-01, 2.5655353e-08, 2.1532593e-04],
        [9.9941444e-01, 3.3990954e-04, 2.4564649e-04],
        [9.9307716e-01, 6.6035478e-03, 3.1929323e-04]]],
      shape=(785, 16, 3), dtype=float32)
-------------------------------------------------

--------------------------- 1 1 1 ----------------------
(17, 10)
array([[[0.9037812 , 0.07332901, 0.02288982],
        [0.9306403 , 0.04641974, 0.02293998],
        [0.91518277, 0.06198977, 0.02282746],
        [0.8789352 , 0.09885743, 0.02220735],
        [0.96133006, 0.01513385, 0.02353609],
        [0.8791533 , 0.09843943, 0.02240726],
        [0.9508008 , 0.0259084 , 0.02329083],
        [0.9210055 , 0.05582673, 0.02316779],
        [0.9296509 , 0.04747651, 0.02287259],
        [0.9486908 , 0.02806359, 0.02324564]],

       [[0.907474  , 0.07256344, 0.01996258],
        [0.933359  , 0.0466766 , 0.01996437],
        [0.9184087 , 0.06169377, 0.01989754],
        [0.88159776, 0.09902811, 0.01937413],
        [0.9640436 , 0.01550569, 0.02045069],
        [0.88216996, 0.09825433, 0.01957571],
        [0.9542713 , 0.02546127, 0.02026741],
        [0.92465526, 0.05518793, 0.02015681],
        [0.9291545 , 0.05099151, 0.01985398],
        [0.9517539 , 0.02802292, 0.02022316]],

       [[0.91695523, 0.06882085, 0.01422392],
        [0.93230844, 0.05350143, 0.01419013],
        [0.9203554 , 0.0654549 , 0.01418972],
        [0.87786907, 0.10823264, 0.01389829],
        [0.97054636, 0.01501963, 0.01443401],
        [0.8865116 , 0.09944518, 0.0140432 ],
        [0.95654833, 0.02908322, 0.01436845],
        [0.9348676 , 0.05086561, 0.01426677],
        [0.9273423 , 0.05860224, 0.01405546],
        [0.95352846, 0.03213527, 0.01433626]],

       [[0.89887834, 0.07417845, 0.02694321],
        [0.92817795, 0.0447102 , 0.02711184],
        [0.9126951 , 0.06038183, 0.02692306],
        [0.87783986, 0.0960087 , 0.02615143],
        [0.9560642 , 0.01610193, 0.02783385],
        [0.8773822 , 0.09627773, 0.02634005],
        [0.9476286 , 0.02482627, 0.02754512],
        [0.913294  , 0.05939015, 0.02731583],
        [0.9261214 , 0.04685562, 0.02702296],
        [0.9454478 , 0.02706353, 0.02748867]],

       [[0.9141336 , 0.0701154 , 0.01575099],
        [0.9316194 , 0.05267079, 0.0157098 ],
        [0.91828257, 0.06600957, 0.01570786],
        [0.87700063, 0.107623  , 0.01537637],
        [0.97027045, 0.01371567, 0.01601388],
        [0.88367856, 0.10078207, 0.01553937],
        [0.9545569 , 0.02953719, 0.01590593],
        [0.9342839 , 0.04989252, 0.01582357],
        [0.93185794, 0.05252054, 0.01562152],
        [0.95214355, 0.03198212, 0.01587433]],

       [[0.9090032 , 0.07158666, 0.01941014],
        [0.93260473, 0.04798675, 0.01940852],
        [0.9189356 , 0.06171771, 0.0193467 ],
        [0.8806864 , 0.10047687, 0.01883673],
        [0.9644067 , 0.01571694, 0.01987633],
        [0.8831715 , 0.0977933 , 0.01903521],
        [0.95420766, 0.02608642, 0.01970592],
        [0.925229  , 0.05518147, 0.01958952],
        [0.92784035, 0.05287622, 0.01928343],
        [0.9515626 , 0.02877618, 0.01966124]],

       [[0.9066734 , 0.07229185, 0.02103478],
        [0.9326142 , 0.04632717, 0.02105862],
        [0.9184941 , 0.06053445, 0.02097144],
        [0.8814657 , 0.09813431, 0.02040002],
        [0.9622896 , 0.01612813, 0.02158229],
        [0.882258  , 0.09714118, 0.02060083],
        [0.9535142 , 0.0250964 , 0.02138938],
        [0.92205775, 0.05668587, 0.02125638],
        [0.9272722 , 0.05180293, 0.02092487],
        [0.950932  , 0.02772681, 0.02134117]],

       [[0.91541106, 0.06959549, 0.01499346],
        [0.93198335, 0.053058  , 0.01495865],
        [0.9194698 , 0.06556993, 0.0149603 ],
        [0.8776496 , 0.10769907, 0.01465132],
        [0.97060317, 0.01416495, 0.01523188],
        [0.8852876 , 0.09990778, 0.01480464],
        [0.9554559 , 0.02939994, 0.01514416],
        [0.9344844 , 0.05046517, 0.01505041],
        [0.9303187 , 0.05482768, 0.0148536 ],
        [0.9527444 , 0.03214378, 0.0151118 ]],

       [[0.91689456, 0.0688537 , 0.01425175],
        [0.9322922 , 0.05348999, 0.01421779],
        [0.9203311 , 0.06545088, 0.014218  ],
        [0.87786937, 0.10820491, 0.01392572],
        [0.97055435, 0.01498276, 0.01446289],
        [0.8864732 , 0.09945586, 0.01407096],
        [0.95650786, 0.02909543, 0.01439671],
        [0.9348523 , 0.05085261, 0.01429509],
        [0.927468  , 0.05844755, 0.01408445],
        [0.95349914, 0.0321365 , 0.01436436]],

       [[0.9165521 , 0.0689714 , 0.01447648],
        [0.9321703 , 0.05338908, 0.01444065],
        [0.919979  , 0.06558107, 0.01443996],
        [0.8776984 , 0.1081605 , 0.01414108],
        [0.97048604, 0.01481973, 0.01469422],
        [0.8859972 , 0.09971363, 0.01428919],
        [0.9562075 , 0.02916964, 0.01462284],
        [0.9348452 , 0.05063143, 0.01452336],
        [0.9280081 , 0.05768132, 0.0143106 ],
        [0.95330656, 0.03210319, 0.01459025]],

       [[0.90243375, 0.07395625, 0.02361   ],
        [0.9319496 , 0.04438541, 0.02366497],
        [0.9162862 , 0.06016903, 0.0235448 ],
        [0.88125664, 0.09582666, 0.0229167 ],
        [0.960671  , 0.01504969, 0.0242793 ],
        [0.8790914 , 0.09779912, 0.0231095 ],
        [0.95098734, 0.02499944, 0.02401322],
        [0.9191945 , 0.05689284, 0.02391264],
        [0.9316464 , 0.04472614, 0.02362745],
        [0.94902736, 0.0270031 , 0.02396954]],

       [[0.9169441 , 0.06882662, 0.0142293 ],
        [0.9323052 , 0.05349929, 0.01419549],
        [0.92035156, 0.06545315, 0.01419529],
        [0.8778696 , 0.10822687, 0.01390353],
        [0.9705479 , 0.01501231, 0.01443978],
        [0.8865041 , 0.09944725, 0.01404864],
        [0.9565403 , 0.02908563, 0.01437408],
        [0.9348649 , 0.05086266, 0.01427247],
        [0.9273662 , 0.05857274, 0.01406106],
        [0.9535228 , 0.03213562, 0.01434158]],

       [[0.91147953, 0.07013075, 0.01838972],
        [0.92972225, 0.05187826, 0.01839949],
        [0.9174313 , 0.06421876, 0.01834995],
        [0.8764425 , 0.10567589, 0.01788162],
        [0.96607053, 0.01510513, 0.01882434],
        [0.8837364 , 0.09820054, 0.01806308],
        [0.95274687, 0.02857939, 0.01867375],
        [0.9280158 , 0.05344558, 0.01853859],
        [0.92705786, 0.05466248, 0.01827965],
        [0.9500217 , 0.03134719, 0.01863113]],

       [[0.91695523, 0.06882089, 0.01422388],
        [0.9323083 , 0.05350152, 0.01419016],
        [0.9203551 , 0.06545515, 0.01418976],
        [0.8778689 , 0.10823277, 0.01389834],
        [0.9705464 , 0.01501964, 0.01443394],
        [0.8865116 , 0.09944518, 0.0140432 ],
        [0.956548  , 0.02908336, 0.01436867],
        [0.9348677 , 0.0508656 , 0.01426672],
        [0.92734176, 0.05860267, 0.01405557],
        [0.95352846, 0.03213535, 0.01433618]],

       [[0.9141566 , 0.07010876, 0.01573463],
        [0.93172824, 0.05257308, 0.01569868],
        [0.9185324 , 0.06577127, 0.01569635],
        [0.8772512 , 0.10738152, 0.01536727],
        [0.97035426, 0.01364585, 0.01599989],
        [0.8840335 , 0.10043819, 0.01552831],
        [0.9545116 , 0.02959721, 0.0158912 ],
        [0.9340291 , 0.05016461, 0.01580628],
        [0.93218875, 0.05219635, 0.0156149 ],
        [0.9520612 , 0.03207946, 0.01585937]],

       [[0.89171606, 0.07882257, 0.02946137],
        [0.9343746 , 0.03590654, 0.02971889],
        [0.9130332 , 0.05752319, 0.02944362],
        [0.88595533, 0.08531982, 0.02872485],
        [0.95390743, 0.01565961, 0.03043296],
        [0.8733167 , 0.0978808 , 0.0288025 ],
        [0.94956285, 0.02032318, 0.03011398],
        [0.9093835 , 0.06065298, 0.02996355],
        [0.9334483 , 0.03683293, 0.02971876],
        [0.9481149 , 0.02181384, 0.03007129]],

       [[0.9319146 , 0.06106782, 0.00701755],
        [0.9361564 , 0.05682621, 0.0070174 ],
        [0.925707  , 0.06727546, 0.00701756],
        [0.8774987 , 0.11548387, 0.00701744],
        [0.9685505 , 0.02443206, 0.00701743],
        [0.8963125 , 0.09667008, 0.00701745],
        [0.9668816 , 0.02610074, 0.00701769],
        [0.9383786 , 0.05460393, 0.0070175 ],
        [0.8987677 , 0.09421482, 0.00701747],
        [0.96090895, 0.03207358, 0.00701747]]], dtype=float32)
-------------------------------------------------

Apply Feed Forward on fully Trusted Input
array([[[0.8621898 , 0.        , 0.13781014],
        [0.88273984, 0.        , 0.11726016],
        [0.8697015 , 0.        , 0.13029851],
        [0.8329716 , 0.        , 0.16702843],
        [0.9147467 , 0.        , 0.08525328],
        [0.83657837, 0.        , 0.16342168],
        [0.9034088 , 0.        , 0.09659119],
        [0.8787097 , 0.        , 0.12129036],
        [0.8799899 , 0.        , 0.12001009],
        [0.9010035 , 0.        , 0.09899653]]], dtype=float32)
Aggregated Value:  [0.876204   0.         0.12379605]

Apply Feed Forward on Vacuous Input
array([[[0., 0., 1.],
        [0., 0., 1.],
        [0., 0., 1.],
        [0., 0., 1.],
        [0., 0., 1.],
        [0., 0., 1.],
        [0., 0., 1.],
        [0., 0., 1.],
        [0., 0., 1.],
        [0., 0., 1.]]], dtype=float32)
Aggregated Value:  [0. 0. 1.]

Apply Feed Forward on fully Untrusted Input
array([[[0.        , 0.8621898 , 0.13781014],
        [0.        , 0.88273984, 0.11726016],
        [0.        , 0.8697015 , 0.13029851],
        [0.        , 0.8329716 , 0.16702843],
        [0.        , 0.9147467 , 0.08525328],
        [0.        , 0.83657837, 0.16342168],
        [0.        , 0.9034088 , 0.09659119],
        [0.        , 0.8787097 , 0.12129036],
        [0.        , 0.8799899 , 0.12001009],
        [0.        , 0.9010035 , 0.09899653]]], dtype=float32)
Aggregated Value:  [0.         0.876204   0.12379605]

