--------------------------- 0 0 0 ----------------------
(785, 16)
array([[[9.9423164e-01, 5.5062538e-03, 2.6210491e-04],
        [9.9428248e-01, 5.4693571e-03, 2.4815882e-04],
        [9.9978107e-01, 2.9422959e-06, 2.1598556e-04],
        ...,
        [9.9923700e-01, 5.1824393e-04, 2.4475512e-04],
        [9.9949187e-01, 2.7143172e-04, 2.3669787e-04],
        [9.9970073e-01, 7.4880321e-05, 2.2439461e-04]],

       [[9.9423164e-01, 5.5062538e-03, 2.6210491e-04],
        [9.9428248e-01, 5.4693571e-03, 2.4815882e-04],
        [9.9978107e-01, 2.9422959e-06, 2.1598556e-04],
        ...,
        [9.9923700e-01, 5.1824393e-04, 2.4475512e-04],
        [9.9949187e-01, 2.7143172e-04, 2.3669787e-04],
        [9.9970073e-01, 7.4880321e-05, 2.2439461e-04]],

       [[9.9423164e-01, 5.5062538e-03, 2.6210491e-04],
        [9.9428248e-01, 5.4693571e-03, 2.4815882e-04],
        [9.9978107e-01, 2.9422959e-06, 2.1598556e-04],
        ...,
        [9.9923700e-01, 5.1824393e-04, 2.4475512e-04],
        [9.9949187e-01, 2.7143172e-04, 2.3669787e-04],
        [9.9970073e-01, 7.4880321e-05, 2.2439461e-04]],

       ...,

       [[9.9423164e-01, 5.5062538e-03, 2.6210491e-04],
        [9.9428248e-01, 5.4693571e-03, 2.4815882e-04],
        [9.9978107e-01, 2.9422959e-06, 2.1598556e-04],
        ...,
        [9.9923700e-01, 5.1824393e-04, 2.4475512e-04],
        [9.9949187e-01, 2.7143172e-04, 2.3669787e-04],
        [9.9970073e-01, 7.4880321e-05, 2.2439461e-04]],

       [[9.9423164e-01, 5.5062538e-03, 2.6210491e-04],
        [9.9428248e-01, 5.4693571e-03, 2.4815882e-04],
        [9.9978107e-01, 2.9422959e-06, 2.1598556e-04],
        ...,
        [9.9923700e-01, 5.1824393e-04, 2.4475512e-04],
        [9.9949187e-01, 2.7143172e-04, 2.3669787e-04],
        [9.9970073e-01, 7.4880321e-05, 2.2439461e-04]],

       [[9.9423164e-01, 5.5062538e-03, 2.6210491e-04],
        [9.9428248e-01, 5.4693571e-03, 2.4815882e-04],
        [9.9978107e-01, 2.9422959e-06, 2.1598556e-04],
        ...,
        [9.9923700e-01, 5.1824393e-04, 2.4475512e-04],
        [9.9949187e-01, 2.7143172e-04, 2.3669787e-04],
        [9.9970073e-01, 7.4880321e-05, 2.2439461e-04]]],
      shape=(785, 16, 3), dtype=float32)
-------------------------------------------------

--------------------------- 1 1 1 ----------------------
(17, 10)
array([[[0.9004763 , 0.07539378, 0.02412994],
        [0.92519724, 0.05047394, 0.02432882],
        [0.9245816 , 0.05115068, 0.02426773],
        [0.90438694, 0.07171495, 0.02389811],
        [0.906688  , 0.06900683, 0.02430519],
        [0.8796285 , 0.09663198, 0.02373954],
        [0.9051063 , 0.07071253, 0.02418116],
        [0.87197655, 0.10382314, 0.02420031],
        [0.91436505, 0.06149689, 0.02413806],
        [0.882172  , 0.09381298, 0.02401503]],

       [[0.9088956 , 0.06977045, 0.02133394],
        [0.9266735 , 0.05184432, 0.0214822 ],
        [0.92546695, 0.05309778, 0.02143526],
        [0.90188396, 0.07701705, 0.02109899],
        [0.9100058 , 0.06855225, 0.02144194],
        [0.88438725, 0.09462119, 0.02099156],
        [0.9136922 , 0.06490547, 0.02140235],
        [0.8865163 , 0.09210537, 0.02137836],
        [0.9161357 , 0.0625532 , 0.02131107],
        [0.8875518 , 0.09126446, 0.02118376]],

       [[0.915402  , 0.07033844, 0.01425956],
        [0.9327754 , 0.05294522, 0.01427941],
        [0.9302597 , 0.05551143, 0.01422887],
        [0.9056661 , 0.08026574, 0.01406815],
        [0.9216229 , 0.06413107, 0.01424605],
        [0.8900041 , 0.09593645, 0.01405945],
        [0.920532  , 0.06517432, 0.01429369],
        [0.90224844, 0.08345816, 0.0142934 ],
        [0.919607  , 0.06623475, 0.01415827],
        [0.89933616, 0.08654434, 0.0141195 ]],

       [[0.90340304, 0.07469485, 0.02190211],
        [0.9255194 , 0.05245075, 0.02202984],
        [0.925814  , 0.05218755, 0.02199848],
        [0.90355974, 0.07476979, 0.02167046],
        [0.91011524, 0.06786016, 0.0220246 ],
        [0.88225895, 0.09615684, 0.02158421],
        [0.90770096, 0.07035021, 0.02194884],
        [0.88006324, 0.09793969, 0.02199707],
        [0.91690683, 0.06118331, 0.02190985],
        [0.8878264 , 0.09036919, 0.02180443]],

       [[0.91293395, 0.07177372, 0.01529233],
        [0.93133825, 0.05334722, 0.01531453],
        [0.92998797, 0.05473949, 0.01527254],
        [0.90562093, 0.07928482, 0.01509425],
        [0.9203967 , 0.06431495, 0.01528837],
        [0.8889434 , 0.09597135, 0.01508527],
        [0.9178743 , 0.06679723, 0.01532849],
        [0.8989598 , 0.0856975 , 0.01534268],
        [0.9203098 , 0.06447903, 0.01521119],
        [0.89850175, 0.08634176, 0.01515649]],

       [[0.91197085, 0.07234106, 0.01568808],
        [0.9308162 , 0.05347236, 0.01571146],
        [0.9298936 , 0.05443299, 0.0156734 ],
        [0.9056868 , 0.07882556, 0.01548764],
        [0.91981053, 0.06450136, 0.01568811],
        [0.88864017, 0.0958804 , 0.01547943],
        [0.9168607 , 0.06741469, 0.01572461],
        [0.89766985, 0.08658481, 0.01574533],
        [0.92047113, 0.06391369, 0.01561518],
        [0.8981316 , 0.08631276, 0.01555564]],

       [[0.9116495 , 0.06916607, 0.0191844 ],
        [0.92892   , 0.05178165, 0.01929837],
        [0.92669326, 0.05406734, 0.0192394 ],
        [0.902863  , 0.07818721, 0.01894976],
        [0.91330564, 0.06743781, 0.01925655],
        [0.88610625, 0.09502614, 0.01886761],
        [0.91663593, 0.06411913, 0.01924494],
        [0.89154875, 0.08922926, 0.01922198],
        [0.9164615 , 0.06442195, 0.01911652],
        [0.8905015 , 0.09047184, 0.01902666]],

       [[0.9139775 , 0.07117585, 0.01484665],
        [0.93193585, 0.05319629, 0.01486786],
        [0.9302736 , 0.05490193, 0.01482448],
        [0.90581954, 0.07952534, 0.01465513],
        [0.92095363, 0.06420726, 0.01483911],
        [0.8895865 , 0.09576751, 0.01464599],
        [0.91905963, 0.06605753, 0.01488284],
        [0.9004951 , 0.08461436, 0.01489053],
        [0.9203623 , 0.06487645, 0.01476125],
        [0.8989377 , 0.08635205, 0.01471025]],

       [[0.91059285, 0.0682952 , 0.02111194],
        [0.9274164 , 0.05131966, 0.02126396],
        [0.92514604, 0.05365393, 0.02120003],
        [0.90145934, 0.07768063, 0.02086003],
        [0.9099785 , 0.06881347, 0.02120802],
        [0.88466156, 0.09459236, 0.02074608],
        [0.91553617, 0.0632804 , 0.02118344],
        [0.8878728 , 0.09099238, 0.02113481],
        [0.91500056, 0.06394499, 0.02105445],
        [0.88701   , 0.09205612, 0.0209339 ]],

       [[0.91376287, 0.07130073, 0.0149364 ],
        [0.9318182 , 0.05322412, 0.0149577 ],
        [0.9302262 , 0.05485907, 0.01491472],
        [0.90580386, 0.07945251, 0.01474363],
        [0.9208324 , 0.06423823, 0.01492938],
        [0.88948506, 0.0957802 , 0.01473474],
        [0.918827  , 0.06620044, 0.01497256],
        [0.9002087 , 0.08480949, 0.0149818 ],
        [0.9203901 , 0.06475732, 0.01485255],
        [0.8988514 , 0.0863484 , 0.01480021]],

       [[0.9140011 , 0.07116415, 0.01483474],
        [0.9319493 , 0.05319495, 0.01485573],
        [0.9303005 , 0.05488665, 0.01481288],
        [0.9058484 , 0.07950769, 0.01464392],
        [0.9209779 , 0.06419476, 0.01482735],
        [0.8896177 , 0.09574768, 0.01463464],
        [0.9190965 , 0.06603245, 0.01487102],
        [0.90054363, 0.08457775, 0.01487862],
        [0.9204076 , 0.06484228, 0.01475012],
        [0.89895546, 0.08634595, 0.01469859]],

       [[0.9153729 , 0.07035538, 0.01427171],
        [0.9327577 , 0.05295087, 0.01429146],
        [0.9302639 , 0.05549502, 0.01424111],
        [0.9056726 , 0.08024719, 0.0140802 ],
        [0.9216104 , 0.06413127, 0.01425832],
        [0.88999784, 0.09593071, 0.01407145],
        [0.92050284, 0.0651913 , 0.01430586],
        [0.90221417, 0.0834802 , 0.01430563],
        [0.91962904, 0.06620011, 0.01417086],
        [0.8993293 , 0.08653899, 0.0141317 ]],

       [[0.9120067 , 0.06912475, 0.01886857],
        [0.9291126 , 0.05191048, 0.0189769 ],
        [0.92692477, 0.05415561, 0.01891962],
        [0.9029574 , 0.0784043 , 0.01863832],
        [0.9138164 , 0.06724679, 0.01893682],
        [0.8864361 , 0.0950033 , 0.0185606 ],
        [0.9170099 , 0.0640621 , 0.01892801],
        [0.8924408 , 0.0886521 , 0.01890711],
        [0.9167477 , 0.06445149, 0.01880082],
        [0.8911201 , 0.0901666 , 0.01871333]],

       [[0.90989345, 0.0734637 , 0.01664285],
        [0.92959166, 0.05374014, 0.0166682 ],
        [0.9289903 , 0.05438033, 0.01662937],
        [0.904919  , 0.07865857, 0.01642241],
        [0.9185779 , 0.06477083, 0.01665127],
        [0.8868997 , 0.0966879 , 0.01641239],
        [0.9143833 , 0.06894012, 0.01667659],
        [0.89423454, 0.0890529 , 0.01671256],
        [0.919665  , 0.06376541, 0.01656961],
        [0.8970651 , 0.08642372, 0.01651117]],

       [[0.9128227 , 0.07177536, 0.01540191],
        [0.93122244, 0.05335187, 0.01542569],
        [0.9300425 , 0.0545714 , 0.01538609],
        [0.9056729 , 0.07912157, 0.01520552],
        [0.92019486, 0.06440478, 0.01540036],
        [0.88903254, 0.0957716 , 0.01519586],
        [0.9177575 , 0.0668041 , 0.01543839],
        [0.8988463 , 0.08569946, 0.01545421],
        [0.92042714, 0.06424845, 0.01532441],
        [0.8984325 , 0.08629885, 0.01526865]],

       [[0.91440487, 0.07092653, 0.0146686 ],
        [0.9321904 , 0.05312011, 0.01468948],
        [0.9302722 , 0.05508404, 0.01464374],
        [0.9057796 , 0.07974351, 0.01447689],
        [0.92115986, 0.06418099, 0.01465915],
        [0.8897202 , 0.09581187, 0.01446793],
        [0.91950417, 0.06579184, 0.014704  ],
        [0.90102917, 0.08426156, 0.01470927],
        [0.92013687, 0.06528503, 0.0145781 ],
        [0.89906514, 0.08640388, 0.01453098]],

       [[0.9325916 , 0.06039095, 0.00701743],
        [0.9432742 , 0.04970837, 0.00701743],
        [0.9280006 , 0.06498191, 0.00701746],
        [0.90190077, 0.09108169, 0.00701755],
        [0.9284929 , 0.06448963, 0.00701747],
        [0.8941508 , 0.09883163, 0.00701758],
        [0.9380166 , 0.05496601, 0.0070174 ],
        [0.9225725 , 0.07041006, 0.00701745],
        [0.9089169 , 0.08406562, 0.00701749],
        [0.9032502 , 0.08973232, 0.00701746]]], dtype=float32)
-------------------------------------------------

Apply Feed Forward on fully Trusted Input
array([[[0.86305106, 0.        , 0.13694894],
        [0.8805333 , 0.        , 0.11946673],
        [0.8790981 , 0.        , 0.12090189],
        [0.85661876, 0.        , 0.14338124],
        [0.8682604 , 0.        , 0.13173962],
        [0.84029   , 0.        , 0.15970998],
        [0.8676754 , 0.        , 0.1323246 ],
        [0.84697807, 0.        , 0.15302195],
        [0.8697878 , 0.        , 0.13021219],
        [0.8472334 , 0.        , 0.15276662]]], dtype=float32)
Aggregated Value:  [0.86195266 0.         0.13804737]

Apply Feed Forward on Vacuous Input
array([[[0., 0., 1.],
        [0., 0., 1.],
        [0., 0., 1.],
        [0., 0., 1.],
        [0., 0., 1.],
        [0., 0., 1.],
        [0., 0., 1.],
        [0., 0., 1.],
        [0., 0., 1.],
        [0., 0., 1.]]], dtype=float32)
Aggregated Value:  [0. 0. 1.]

Apply Feed Forward on fully Untrusted Input
array([[[0.        , 0.86305106, 0.13694894],
        [0.        , 0.8805333 , 0.11946673],
        [0.        , 0.8790981 , 0.12090189],
        [0.        , 0.85661876, 0.14338124],
        [0.        , 0.8682604 , 0.13173962],
        [0.        , 0.84029   , 0.15970998],
        [0.        , 0.8676754 , 0.1323246 ],
        [0.        , 0.84697807, 0.15302195],
        [0.        , 0.8697878 , 0.13021219],
        [0.        , 0.8472334 , 0.15276662]]], dtype=float32)
Aggregated Value:  [0.         0.86195266 0.13804737]

