--------------------------- 0 0 0 ----------------------
(785, 16)
array([[[9.9887323e-01, 8.3906221e-04, 2.8770400e-04],
        [9.9955833e-01, 2.0069216e-04, 2.4097826e-04],
        [9.9480337e-01, 4.9231206e-03, 2.7351035e-04],
        ...,
        [9.9839532e-01, 1.3132645e-03, 2.9141176e-04],
        [9.9952298e-01, 2.3458689e-04, 2.4242909e-04],
        [9.9942493e-01, 3.1379654e-04, 2.6126907e-04]],

       [[9.9887323e-01, 8.3906221e-04, 2.8770400e-04],
        [9.9955833e-01, 2.0069216e-04, 2.4097826e-04],
        [9.9480337e-01, 4.9231206e-03, 2.7351035e-04],
        ...,
        [9.9839532e-01, 1.3132645e-03, 2.9141176e-04],
        [9.9952298e-01, 2.3458689e-04, 2.4242909e-04],
        [9.9942493e-01, 3.1379654e-04, 2.6126907e-04]],

       [[9.9887323e-01, 8.3906221e-04, 2.8770400e-04],
        [9.9955833e-01, 2.0069216e-04, 2.4097826e-04],
        [9.9480337e-01, 4.9231206e-03, 2.7351035e-04],
        ...,
        [9.9839532e-01, 1.3132645e-03, 2.9141176e-04],
        [9.9952298e-01, 2.3458689e-04, 2.4242909e-04],
        [9.9942493e-01, 3.1379654e-04, 2.6126907e-04]],

       ...,

       [[9.9887323e-01, 8.3906221e-04, 2.8770400e-04],
        [9.9955833e-01, 2.0069216e-04, 2.4097826e-04],
        [9.9480337e-01, 4.9231206e-03, 2.7351035e-04],
        ...,
        [9.9839532e-01, 1.3132645e-03, 2.9141176e-04],
        [9.9952298e-01, 2.3458689e-04, 2.4242909e-04],
        [9.9942493e-01, 3.1379654e-04, 2.6126907e-04]],

       [[9.9887323e-01, 8.3906221e-04, 2.8770400e-04],
        [9.9955833e-01, 2.0069216e-04, 2.4097826e-04],
        [9.9480337e-01, 4.9231206e-03, 2.7351035e-04],
        ...,
        [9.9839532e-01, 1.3132645e-03, 2.9141176e-04],
        [9.9952298e-01, 2.3458689e-04, 2.4242909e-04],
        [9.9942493e-01, 3.1379654e-04, 2.6126907e-04]],

       [[9.9887323e-01, 8.3906221e-04, 2.8770400e-04],
        [9.9955833e-01, 2.0069216e-04, 2.4097826e-04],
        [9.9480337e-01, 4.9231206e-03, 2.7351035e-04],
        ...,
        [9.9839532e-01, 1.3132645e-03, 2.9141176e-04],
        [9.9952298e-01, 2.3458689e-04, 2.4242909e-04],
        [9.9942493e-01, 3.1379654e-04, 2.6126907e-04]]],
      shape=(785, 16, 3), dtype=float32)
-------------------------------------------------

--------------------------- 1 1 1 ----------------------
(17, 16)
array([[[9.7817779e-01, 4.4841551e-44, 2.1822214e-02],
        [9.0630490e-01, 7.0902921e-02, 2.2792183e-02],
        [9.7667503e-01, 1.4118784e-03, 2.1913089e-02],
        [9.7811264e-01, 5.2315732e-05, 2.1835046e-02],
        [9.1901958e-01, 5.6941628e-02, 2.4038792e-02],
        [9.0281355e-01, 7.4064642e-02, 2.3121804e-02],
        [9.3670452e-01, 4.0321726e-02, 2.2973757e-02],
        [9.4109529e-01, 3.6683686e-02, 2.2221021e-02],
        [9.3903106e-01, 3.8072895e-02, 2.2896040e-02],
        [9.0659130e-01, 6.9573373e-02, 2.3835331e-02],
        [9.4055128e-01, 3.7303843e-02, 2.2144876e-02],
        [9.3014503e-01, 4.6036750e-02, 2.3818225e-02],
        [9.6044934e-01, 1.7061820e-02, 2.2488842e-02],
        [9.4527805e-01, 3.2280851e-02, 2.2441100e-02],
        [9.5146561e-01, 2.5686409e-02, 2.2847984e-02],
        [9.4107544e-01, 3.5587728e-02, 2.3336828e-02]],

       [[9.8143131e-01, 0.0000000e+00, 1.8568695e-02],
        [9.1621876e-01, 6.4365476e-02, 1.9415766e-02],
        [9.7981149e-01, 1.5384791e-03, 1.8650031e-02],
        [9.8127162e-01, 1.4554818e-04, 1.8582826e-02],
        [9.2161334e-01, 5.7825349e-02, 2.0561315e-02],
        [9.0940279e-01, 7.0786305e-02, 1.9810908e-02],
        [9.4104528e-01, 3.9346796e-02, 1.9607920e-02],
        [9.4755340e-01, 3.3500854e-02, 1.8945750e-02],
        [9.4416714e-01, 3.6337186e-02, 1.9495677e-02],
        [9.1172570e-01, 6.7895129e-02, 2.0379171e-02],
        [9.4750518e-01, 3.3621266e-02, 1.8873557e-02],
        [9.3247569e-01, 4.7170885e-02, 2.0353429e-02],
        [9.6389788e-01, 1.6951447e-02, 1.9150669e-02],
        [9.5096642e-01, 2.9927811e-02, 1.9105772e-02],
        [9.5374107e-01, 2.6744582e-02, 1.9514345e-02],
        [9.4257551e-01, 3.7458606e-02, 1.9965880e-02]],

       [[9.7473633e-01, 0.0000000e+00, 2.5263667e-02],
        [9.0552616e-01, 6.8605341e-02, 2.5868498e-02],
        [9.7317785e-01, 1.4823403e-03, 2.5339810e-02],
        [9.7462481e-01, 9.8731267e-05, 2.5276456e-02],
        [9.1629809e-01, 5.6666434e-02, 2.7035475e-02],
        [8.9923346e-01, 7.4556366e-02, 2.6210174e-02],
        [9.3406260e-01, 3.9783750e-02, 2.6153650e-02],
        [9.3680573e-01, 3.7688486e-02, 2.5505789e-02],
        [9.3767935e-01, 3.6255803e-02, 2.6064847e-02],
        [9.0427381e-01, 6.8913043e-02, 2.6813149e-02],
        [9.3658751e-01, 3.7978414e-02, 2.5434073e-02],
        [9.2704815e-01, 4.6077561e-02, 2.6874293e-02],
        [9.5755690e-01, 1.6653962e-02, 2.5789134e-02],
        [9.4420338e-01, 3.0102335e-02, 2.5694288e-02],
        [9.4802302e-01, 2.5872795e-02, 2.6104184e-02],
        [9.3735528e-01, 3.6134090e-02, 2.6510630e-02]],

       [[9.8236436e-01, 0.0000000e+00, 1.7635643e-02],
        [9.1901505e-01, 6.2540911e-02, 1.8444039e-02],
        [9.8072708e-01, 1.5595279e-03, 1.7713396e-02],
        [9.8214209e-01, 2.0756749e-04, 1.7650342e-02],
        [9.2244768e-01, 5.7999816e-02, 1.9552503e-02],
        [9.1097945e-01, 7.0161715e-02, 1.8858835e-02],
        [9.4218200e-01, 3.9179679e-02, 1.8638317e-02],
        [9.4925439e-01, 3.2741379e-02, 1.8004227e-02],
        [9.4571888e-01, 3.5764500e-02, 1.8516615e-02],
        [9.1323346e-01, 6.7389220e-02, 1.9377321e-02],
        [9.4938934e-01, 3.2677852e-02, 1.7932810e-02],
        [9.3300956e-01, 4.7641914e-02, 1.9348521e-02],
        [9.6479040e-01, 1.7018646e-02, 1.8190950e-02],
        [9.5259547e-01, 2.9256791e-02, 1.8147737e-02],
        [9.5436078e-01, 2.7085261e-02, 1.8553955e-02],
        [9.4289666e-01, 3.8109630e-02, 1.8993706e-02]],

       [[9.7131169e-01, 0.0000000e+00, 2.8688312e-02],
        [8.8906819e-01, 8.1238575e-02, 2.9693238e-02],
        [9.7024828e-01, 9.6559251e-04, 2.8786125e-02],
        [9.7121501e-01, 8.5716965e-05, 2.8699273e-02],
        [9.1454762e-01, 5.4436043e-02, 3.1016335e-02],
        [8.8537294e-01, 8.4757380e-02, 2.9869683e-02],
        [9.2802727e-01, 4.2083018e-02, 2.9889710e-02],
        [9.2783624e-01, 4.3128725e-02, 2.9035036e-02],
        [9.3032801e-01, 3.9796546e-02, 2.9875442e-02],
        [8.9788061e-01, 7.1342342e-02, 3.0777045e-02],
        [9.2683744e-01, 4.4204343e-02, 2.8958213e-02],
        [9.2661899e-01, 4.2576786e-02, 3.0804221e-02],
        [9.5378482e-01, 1.6790390e-02, 2.9424787e-02],
        [9.3488187e-01, 3.5755683e-02, 2.9362451e-02],
        [9.4486773e-01, 2.5401026e-02, 2.9731244e-02],
        [9.3514705e-01, 3.4622777e-02, 3.0230176e-02]],

       [[9.7816658e-01, 0.0000000e+00, 2.1833420e-02],
        [9.0969902e-01, 6.7653708e-02, 2.2647269e-02],
        [9.7663915e-01, 1.4501332e-03, 2.1910716e-02],
        [9.7800231e-01, 1.5154528e-04, 2.1846145e-02],
        [9.2014670e-01, 5.6119412e-02, 2.3733884e-02],
        [9.0175945e-01, 7.5271934e-02, 2.2968620e-02],
        [9.3727511e-01, 3.9897028e-02, 2.2827860e-02],
        [9.4154942e-01, 3.6283590e-02, 2.2166990e-02],
        [9.4168210e-01, 3.5572752e-02, 2.2745147e-02],
        [9.0847731e-01, 6.7968778e-02, 2.3553915e-02],
        [9.4101548e-01, 3.6885664e-02, 2.2098854e-02],
        [9.3087620e-01, 4.5587938e-02, 2.3535866e-02],
        [9.6139097e-01, 1.6208226e-02, 2.2400802e-02],
        [9.4668704e-01, 3.0943776e-02, 2.2369182e-02],
        [9.5070398e-01, 2.6564024e-02, 2.2731997e-02],
        [9.3980926e-01, 3.7030254e-02, 2.3160484e-02]],

       [[9.7918785e-01, 4.7644148e-44, 2.0812154e-02],
        [9.1131169e-01, 6.7053631e-02, 2.1634683e-02],
        [9.7761053e-01, 1.4949233e-03, 2.0894548e-02],
        [9.7905082e-01, 1.2427001e-04, 2.0824915e-02],
        [9.1987532e-01, 5.7321422e-02, 2.2803254e-02],
        [9.0561020e-01, 7.2397031e-02, 2.1992765e-02],
        [9.3838328e-01, 3.9776132e-02, 2.1840587e-02],
        [9.4355416e-01, 3.5281241e-02, 2.1164596e-02],
        [9.4147640e-01, 3.6778145e-02, 2.1745451e-02],
        [9.0882689e-01, 6.8564020e-02, 2.2609092e-02],
        [9.4334286e-01, 3.5565298e-02, 2.1091837e-02],
        [9.3061256e-01, 4.6784505e-02, 2.2602931e-02],
        [9.6160740e-01, 1.6992999e-02, 2.1399604e-02],
        [9.4805849e-01, 3.0597674e-02, 2.1343840e-02],
        [9.5202512e-01, 2.6226066e-02, 2.1748818e-02],
        [9.4113153e-01, 3.6673140e-02, 2.2195328e-02]],

       [[9.7949302e-01, 4.6242849e-44, 2.0506978e-02],
        [9.1015828e-01, 6.8437934e-02, 2.1403790e-02],
        [9.7797740e-01, 1.4302011e-03, 2.0592405e-02],
        [9.7933859e-01, 1.4222971e-04, 2.0519184e-02],
        [9.2033917e-01, 5.7090379e-02, 2.2570454e-02],
        [9.0494025e-01, 7.3330671e-02, 2.1729082e-02],
        [9.3832010e-01, 4.0100396e-02, 2.1579504e-02],
        [9.4350243e-01, 3.5615243e-02, 2.0882331e-02],
        [9.4112587e-01, 3.7375607e-02, 2.1498524e-02],
        [9.0883905e-01, 6.8779990e-02, 2.2380963e-02],
        [9.4320172e-01, 3.5987370e-02, 2.0810910e-02],
        [9.3097675e-01, 4.6661288e-02, 2.2361964e-02],
        [9.6167272e-01, 1.7204192e-02, 2.1123085e-02],
        [9.4754165e-01, 3.1379882e-02, 2.1078464e-02],
        [9.5235527e-01, 2.6177663e-02, 2.1467071e-02],
        [9.4151276e-01, 3.6564235e-02, 2.1923002e-02]],

       [[9.8027533e-01, 0.0000000e+00, 1.9724667e-02],
        [9.1262901e-01, 6.6756628e-02, 2.0614363e-02],
        [9.7869599e-01, 1.4944065e-03, 1.9809606e-02],
        [9.8015404e-01, 1.0785379e-04, 1.9738108e-02],
        [9.2073834e-01, 5.7469998e-02, 2.1791663e-02],
        [9.0707159e-01, 7.1951210e-02, 2.0977199e-02],
        [9.3952990e-01, 3.9669074e-02, 2.0801030e-02],
        [9.4529861e-01, 3.4592483e-02, 2.0108905e-02],
        [9.4229341e-01, 3.7004396e-02, 2.0702198e-02],
        [9.0996832e-01, 6.8428256e-02, 2.1603428e-02],
        [9.4501370e-01, 3.4950901e-02, 2.0035397e-02],
        [9.3169218e-01, 4.6725959e-02, 2.1581858e-02],
        [9.6265066e-01, 1.7013613e-02, 2.0335730e-02],
        [9.4892353e-01, 3.0786917e-02, 2.0289555e-02],
        [9.5303208e-01, 2.6273785e-02, 2.0694138e-02],
        [9.4211775e-01, 3.6725853e-02, 2.1156397e-02]],

       [[9.8227668e-01, 5.3249342e-44, 1.7723322e-02],
        [9.1861922e-01, 6.2852874e-02, 1.8527910e-02],
        [9.8065013e-01, 1.5492515e-03, 1.7800622e-02],
        [9.8203123e-01, 2.3128485e-04, 1.7737489e-02],
        [9.2245185e-01, 5.7923231e-02, 1.9624915e-02],
        [9.1059935e-01, 7.0471473e-02, 1.8929176e-02],
        [9.4200063e-01, 3.9281119e-02, 1.8718254e-02],
        [9.4897366e-01, 3.2938521e-02, 1.8087823e-02],
        [9.4556606e-01, 3.5832975e-02, 1.8600967e-02],
        [9.1312730e-01, 6.7421056e-02, 1.9451641e-02],
        [9.4908738e-01, 3.2895360e-02, 1.8017258e-02],
        [9.3284327e-01, 4.7732044e-02, 1.9424688e-02],
        [9.6457529e-01, 1.7148690e-02, 1.8276019e-02],
        [9.5240957e-01, 2.9357284e-02, 1.8233150e-02],
        [9.5435399e-01, 2.7013393e-02, 1.8632619e-02],
        [9.4284731e-01, 3.8085237e-02, 1.9067451e-02]],

       [[9.8055178e-01, 0.0000000e+00, 1.9448221e-02],
        [9.1557539e-01, 6.4195469e-02, 2.0229146e-02],
        [9.7895992e-01, 1.5170812e-03, 1.9523000e-02],
        [9.8033166e-01, 2.0627881e-04, 1.9462062e-02],
        [9.2157817e-01, 5.7122502e-02, 2.1299329e-02],
        [9.0690309e-01, 7.2491862e-02, 2.0605050e-02],
        [9.4014120e-01, 3.9441034e-02, 2.0417765e-02],
        [9.4598126e-01, 3.4228645e-02, 1.9790091e-02],
        [9.4437897e-01, 3.5309885e-02, 2.0311143e-02],
        [9.1143572e-01, 6.7438357e-02, 2.1125920e-02],
        [9.4587529e-01, 3.4403000e-02, 1.9721713e-02],
        [9.3211192e-01, 4.6785805e-02, 2.1102276e-02],
        [9.6342391e-01, 1.6585946e-02, 1.9990146e-02],
        [9.5030761e-01, 2.9738626e-02, 1.9953767e-02],
        [9.5264250e-01, 2.7023222e-02, 2.0334277e-02],
        [9.4133526e-01, 3.7905980e-02, 2.0758759e-02]],

       [[9.8131657e-01, 5.1848043e-44, 1.8683434e-02],
        [9.1683787e-01, 6.3678101e-02, 1.9484028e-02],
        [9.7968709e-01, 1.5508158e-03, 1.8762089e-02],
        [9.8112953e-01, 1.7302416e-04, 1.8697448e-02],
        [9.2153960e-01, 5.7851829e-02, 2.0608567e-02],
        [9.0939409e-01, 7.0720464e-02, 1.9885451e-02],
        [9.4104183e-01, 3.9272785e-02, 1.9685388e-02],
        [9.4751143e-01, 3.3445317e-02, 1.9043248e-02],
        [9.4443929e-01, 3.5990823e-02, 1.9569885e-02],
        [9.1185033e-01, 6.7722514e-02, 2.0427153e-02],
        [9.4755310e-01, 3.3475272e-02, 1.8971629e-02],
        [9.3228364e-01, 4.7308795e-02, 2.0407565e-02],
        [9.6381480e-01, 1.6941879e-02, 1.9243326e-02],
        [9.5127124e-01, 2.9533921e-02, 1.9194843e-02],
        [9.5354873e-01, 2.6848868e-02, 1.9602403e-02],
        [9.4226283e-01, 3.7695255e-02, 2.0041917e-02]],

       [[9.8199558e-01, 5.3249342e-44, 1.8004417e-02],
        [9.1792023e-01, 6.3251458e-02, 1.8828310e-02],
        [9.8036128e-01, 1.5548976e-03, 1.8083820e-02],
        [9.8180044e-01, 1.8078338e-04, 1.8018780e-02],
        [9.2209202e-01, 5.7954814e-02, 1.9953165e-02],
        [9.1041064e-01, 7.0353441e-02, 1.9235916e-02],
        [9.4173998e-01, 3.9237820e-02, 1.9022204e-02],
        [9.4859964e-01, 3.3023637e-02, 1.8376727e-02],
        [9.4510281e-01, 3.5993110e-02, 1.8904079e-02],
        [9.1262114e-01, 6.7603864e-02, 1.9774996e-02],
        [9.4865948e-01, 3.3035658e-02, 1.8304862e-02],
        [9.3280822e-01, 4.7444791e-02, 1.9746989e-02],
        [9.6444815e-01, 1.6981220e-02, 1.8570626e-02],
        [9.5195532e-01, 2.9517967e-02, 1.8526714e-02],
        [9.5412481e-01, 2.6940476e-02, 1.8934716e-02],
        [9.4278491e-01, 3.7835721e-02, 1.9379374e-02]],

       [[9.7775096e-01, 0.0000000e+00, 2.2249043e-02],
        [9.0499961e-01, 7.1771294e-02, 2.3229092e-02],
        [9.7627306e-01, 1.3861594e-03, 2.2340780e-02],
        [9.7767955e-01, 5.8957910e-05, 2.2261491e-02],
        [9.1875708e-01, 5.6758843e-02, 2.4484076e-02],
        [9.0180188e-01, 7.4649543e-02, 2.3548573e-02],
        [9.3607247e-01, 4.0518705e-02, 2.3408826e-02],
        [9.4020337e-01, 3.7148744e-02, 2.2647887e-02],
        [9.3841147e-01, 3.8250804e-02, 2.3337722e-02],
        [9.0598184e-01, 6.9739975e-02, 2.4278186e-02],
        [9.3960840e-01, 3.7820496e-02, 2.2571109e-02],
        [9.2982954e-01, 4.5909017e-02, 2.4261445e-02],
        [9.5996934e-01, 1.7107366e-02, 2.2923293e-02],
        [9.4454235e-01, 3.2581788e-02, 2.2875864e-02],
        [9.5115888e-01, 2.5560210e-02, 2.3280909e-02],
        [9.4080412e-01, 3.5424486e-02, 2.3771390e-02]],

       [[9.8122334e-01, 5.0446745e-44, 1.8776655e-02],
        [9.1560513e-01, 6.4761475e-02, 1.9633397e-02],
        [9.7960168e-01, 1.5393221e-03, 1.8858997e-02],
        [9.8108011e-01, 1.2927657e-04, 1.8790608e-02],
        [9.2138588e-01, 5.7823632e-02, 2.0790484e-02],
        [9.0911674e-01, 7.0856780e-02, 2.0026475e-02],
        [9.4079214e-01, 3.9381877e-02, 1.9825980e-02],
        [9.4716531e-01, 3.3678368e-02, 1.9156322e-02],
        [9.4382781e-01, 3.6456876e-02, 1.9715317e-02],
        [9.1134256e-01, 6.8051226e-02, 2.0606212e-02],
        [9.4708079e-01, 3.3835880e-02, 1.9083329e-02],
        [9.3231243e-01, 4.7106855e-02, 2.0580716e-02],
        [9.6369475e-01, 1.6939897e-02, 1.9365352e-02],
        [9.5060569e-01, 3.0074041e-02, 1.9320268e-02],
        [9.5361143e-01, 2.6657792e-02, 1.9730775e-02],
        [9.4252861e-01, 3.7285291e-02, 2.0186104e-02]],

       [[9.8067534e-01, 0.0000000e+00, 1.9324660e-02],
        [9.1393197e-01, 6.5859601e-02, 2.0208433e-02],
        [9.7906226e-01, 1.5284555e-03, 1.9409286e-02],
        [9.8056769e-01, 9.3742419e-05, 1.9338563e-02],
        [9.2088431e-01, 5.7723884e-02, 2.1391805e-02],
        [9.0821612e-01, 7.1190186e-02, 2.0593695e-02],
        [9.4010639e-01, 3.9492842e-02, 2.0400766e-02],
        [9.4612807e-01, 3.4160335e-02, 1.9711595e-02],
        [9.4291180e-01, 3.6794119e-02, 2.0294078e-02],
        [9.1042078e-01, 6.8376273e-02, 2.1202952e-02],
        [9.4594520e-01, 3.4417428e-02, 1.9637369e-02],
        [9.3190539e-01, 4.6915758e-02, 2.1178853e-02],
        [9.6314210e-01, 1.6926054e-02, 1.9931849e-02],
        [9.4963801e-01, 3.0476570e-02, 1.9885421e-02],
        [9.5324808e-01, 2.6452769e-02, 2.0299148e-02],
        [9.4235659e-01, 3.6879342e-02, 2.0764071e-02]],

       [[9.9084836e-01, 4.9045446e-43, 9.1516376e-03],
        [9.4178069e-01, 4.8255801e-02, 9.9635124e-03],
        [9.8904490e-01, 1.7463852e-03, 9.2087099e-03],
        [9.8963606e-01, 1.1539401e-03, 9.2099961e-03],
        [9.2905432e-01, 6.0012836e-02, 1.0932844e-02],
        [9.2330199e-01, 6.5913290e-02, 1.0784715e-02],
        [9.5141256e-01, 3.8390771e-02, 1.0196671e-02],
        [9.6302146e-01, 2.7286110e-02, 9.6924324e-03],
        [9.5863521e-01, 3.1481594e-02, 9.8831952e-03],
        [9.2514580e-01, 6.4036153e-02, 1.0818042e-02],
        [9.6486509e-01, 2.5546152e-02, 9.5887594e-03],
        [9.3634182e-01, 5.2822649e-02, 1.0835528e-02],
        [9.7131640e-01, 1.8945593e-02, 9.7380094e-03],
        [9.6647358e-01, 2.3899257e-02, 9.6271634e-03],
        [9.5973533e-01, 3.0152112e-02, 1.0112554e-02],
        [9.4563609e-01, 4.3758605e-02, 1.0605302e-02]]], dtype=float32)
-------------------------------------------------

--------------------------- 2 2 2 ----------------------
(17, 10)
array([[[8.89279485e-01, 1.19182598e-02, 9.88022536e-02],
        [9.00118232e-01, 1.70478547e-08, 9.98817533e-02],
        [8.78264666e-01, 2.39303429e-02, 9.78049934e-02],
        [8.88166666e-01, 1.31519884e-02, 9.86813456e-02],
        [7.15815127e-01, 1.94257766e-01, 8.99271071e-02],
        [8.64848793e-01, 3.85947526e-02, 9.65564549e-02],
        [8.99279058e-01, 9.30135837e-04, 9.97908041e-02],
        [6.93821728e-01, 2.16854468e-01, 8.93238038e-02],
        [8.75077963e-01, 2.72847079e-02, 9.76373255e-02],
        [8.38681817e-01, 6.51435331e-02, 9.61746499e-02]],

       [[8.53638828e-01, 8.89875647e-03, 1.37462422e-01],
        [8.61373782e-01, 3.04809600e-09, 1.38626218e-01],
        [8.44273746e-01, 1.96122862e-02, 1.36113971e-01],
        [8.52975786e-01, 9.66744404e-03, 1.37356773e-01],
        [6.59298003e-01, 2.20014960e-01, 1.20687038e-01],
        [8.33168805e-01, 3.23341824e-02, 1.34497017e-01],
        [8.60879838e-01, 5.72671648e-04, 1.38547495e-01],
        [6.31118596e-01, 2.50334293e-01, 1.18547112e-01],
        [8.41497958e-01, 2.26411819e-02, 1.35860860e-01],
        [7.97424376e-01, 7.00033233e-02, 1.32572293e-01]],

       [[8.88012826e-01, 1.16849914e-02, 1.00302182e-01],
        [8.98621917e-01, 1.46047814e-08, 1.01378068e-01],
        [8.77019942e-01, 2.36957222e-02, 9.92843360e-02],
        [8.86943817e-01, 1.28722787e-02, 1.00183904e-01],
        [7.13332534e-01, 1.95507288e-01, 9.11601782e-02],
        [8.63674104e-01, 3.83098982e-02, 9.80159938e-02],
        [8.97815466e-01, 8.95303732e-04, 1.01289228e-01],
        [6.90863013e-01, 2.18643591e-01, 9.04933959e-02],
        [8.73866975e-01, 2.70147845e-02, 9.91182402e-02],
        [8.37049544e-01, 6.53568506e-02, 9.75936055e-02]],

       [[8.89158964e-01, 1.18956417e-02, 9.89453942e-02],
        [8.99975538e-01, 1.53994186e-08, 1.00024447e-01],
        [8.78146112e-01, 2.39077359e-02, 9.79461521e-02],
        [8.88050199e-01, 1.31250042e-02, 9.88247991e-02],
        [7.15577185e-01, 1.94377854e-01, 9.00449604e-02],
        [8.64736557e-01, 3.85677516e-02, 9.66956913e-02],
        [8.99139464e-01, 9.26758104e-04, 9.99337807e-02],
        [6.93537772e-01, 2.17026666e-01, 8.94355625e-02],
        [8.74962687e-01, 2.72586625e-02, 9.77786481e-02],
        [8.38526070e-01, 6.51638284e-02, 9.63101014e-02]],

       [[8.42732847e-01, 7.27289030e-03, 1.49994269e-01],
        [8.48961771e-01, 1.75879492e-10, 1.51038229e-01],
        [8.33899379e-01, 1.75461899e-02, 1.48554429e-01],
        [8.42315793e-01, 7.76382443e-03, 1.49920389e-01],
        [6.41655087e-01, 2.28060722e-01, 1.30284190e-01],
        [8.23610723e-01, 2.95226891e-02, 1.46866590e-01],
        [8.48654628e-01, 3.61547602e-04, 1.50983825e-01],
        [6.10493004e-01, 2.62140274e-01, 1.27366722e-01],
        [8.30760121e-01, 2.10014246e-02, 1.48238450e-01],
        [7.84534633e-01, 7.12261125e-02, 1.44239247e-01]],

       [[8.56654227e-01, 9.39247943e-03, 1.33953288e-01],
        [8.64858747e-01, 1.55617630e-10, 1.35141253e-01],
        [8.46501648e-01, 2.09465288e-02, 1.32551819e-01],
        [8.55978966e-01, 1.01723364e-02, 1.33848697e-01],
        [6.72431231e-01, 2.09508002e-01, 1.18060768e-01],
        [8.34514439e-01, 3.46086361e-02, 1.30876929e-01],
        [8.64353299e-01, 5.83568355e-04, 1.35063127e-01],
        [6.45619631e-01, 2.38289237e-01, 1.16091132e-01],
        [8.43509257e-01, 2.41764765e-02, 1.32314265e-01],
        [8.03045869e-01, 6.76784366e-02, 1.29275694e-01]],

       [[8.61393094e-01, 9.09178518e-03, 1.29515126e-01],
        [8.69372725e-01, 1.26708177e-09, 1.30627275e-01],
        [8.51578534e-01, 2.02105306e-02, 1.28210932e-01],
        [8.60726535e-01, 9.85748600e-03, 1.29415974e-01],
        [6.69878244e-01, 2.15602040e-01, 1.14519715e-01],
        [8.39973211e-01, 3.33768949e-02, 1.26649886e-01],
        [8.68875146e-01, 5.71496261e-04, 1.30553365e-01],
        [6.42134607e-01, 2.45203033e-01, 1.12662360e-01],
        [8.48771453e-01, 2.32349727e-02, 1.27993569e-01],
        [8.05823505e-01, 6.90592378e-02, 1.25117257e-01]],

       [[8.81297112e-01, 1.06213326e-02, 1.08081557e-01],
        [8.90855789e-01, 5.12328979e-09, 1.09144203e-01],
        [8.70526373e-01, 2.25050133e-02, 1.06968611e-01],
        [8.80410612e-01, 1.16148237e-02, 1.07974567e-01],
        [7.01034427e-01, 2.01436415e-01, 9.75291580e-02],
        [8.57649088e-01, 3.67393270e-02, 1.05611585e-01],
        [8.90190959e-01, 7.44975056e-04, 1.09064065e-01],
        [6.76149905e-01, 2.27351353e-01, 9.64987427e-02],
        [8.67493570e-01, 2.57015452e-02, 1.06804885e-01],
        [8.28874707e-01, 6.61534667e-02, 1.04971826e-01]],

       [[8.59012902e-01, 8.69912189e-03, 1.32287979e-01],
        [8.66622150e-01, 2.71726064e-09, 1.33377850e-01],
        [8.49394977e-01, 1.96360201e-02, 1.30969003e-01],
        [8.58397365e-01, 9.40854289e-03, 1.32194087e-01],
        [6.65794492e-01, 2.17482686e-01, 1.16722822e-01],
        [8.38067532e-01, 3.25335748e-02, 1.29398897e-01],
        [8.66164327e-01, 5.27601456e-04, 1.33308068e-01],
        [6.36947095e-01, 2.48395562e-01, 1.14657342e-01],
        [8.46382320e-01, 2.28884164e-02, 1.30729258e-01],
        [8.03154051e-01, 6.90936223e-02, 1.27752334e-01]],

       [[8.43143463e-01, 7.51045393e-03, 1.49346083e-01],
        [8.49580407e-01, 2.93062574e-10, 1.50419593e-01],
        [8.34288061e-01, 1.77991521e-02, 1.47912785e-01],
        [8.42688382e-01, 8.04565474e-03, 1.49265960e-01],
        [6.42662346e-01, 2.27551639e-01, 1.29786015e-01],
        [8.23931813e-01, 2.98436172e-02, 1.46224573e-01],
        [8.49243283e-01, 3.96414893e-04, 1.50360301e-01],
        [6.11935496e-01, 2.61114001e-01, 1.26950502e-01],
        [8.31207216e-01, 2.11928543e-02, 1.47599936e-01],
        [7.85133660e-01, 7.12279528e-02, 1.43638387e-01]],

       [[8.80950809e-01, 1.09859882e-02, 1.08063206e-01],
        [8.90836537e-01, 6.57962262e-09, 1.09163456e-01],
        [8.70271385e-01, 2.27656849e-02, 1.06962934e-01],
        [8.80000174e-01, 1.20511735e-02, 1.07948653e-01],
        [7.01249957e-01, 2.01287881e-01, 9.74621624e-02],
        [8.57393146e-01, 3.69997695e-02, 1.05607085e-01],
        [8.90117288e-01, 8.05708871e-04, 1.09077007e-01],
        [6.77378058e-01, 2.26097867e-01, 9.65240747e-02],
        [8.67260158e-01, 2.59554852e-02, 1.06784359e-01],
        [8.28543305e-01, 6.65319338e-02, 1.04924761e-01]],

       [[8.51045847e-01, 7.61669828e-03, 1.41337454e-01],
        [8.57639134e-01, 3.85508514e-10, 1.42360866e-01],
        [8.41722131e-01, 1.83430426e-02, 1.39934823e-01],
        [8.50608230e-01, 8.12655594e-03, 1.41265213e-01],
        [6.53087258e-01, 2.23200127e-01, 1.23712614e-01],
        [8.30895007e-01, 3.08106430e-02, 1.38294354e-01],
        [8.57313514e-01, 3.79343313e-04, 1.42307147e-01],
        [6.22434258e-01, 2.56419003e-01, 1.21146739e-01],
        [8.38704228e-01, 2.16174237e-02, 1.39678344e-01],
        [7.93727815e-01, 7.00866878e-02, 1.36185497e-01]],

       [[8.75019073e-01, 9.79490578e-03, 1.15186021e-01],
        [8.83762479e-01, 4.84966112e-09, 1.16237514e-01],
        [8.64519060e-01, 2.14839391e-02, 1.13996997e-01],
        [8.74268830e-01, 1.06426487e-02, 1.15088522e-01],
        [6.90204799e-01, 2.06531197e-01, 1.03264004e-01],
        [8.52099419e-01, 3.53320278e-02, 1.12568557e-01],
        [8.83200288e-01, 6.35162694e-04, 1.16164550e-01],
        [6.63499534e-01, 2.34605819e-01, 1.01894647e-01],
        [8.61527443e-01, 2.46469676e-02, 1.13825589e-01],
        [8.21409762e-01, 6.69017285e-02, 1.11688510e-01]],

       [[8.63894403e-01, 1.01737101e-02, 1.25931889e-01],
        [8.72857690e-01, 5.24059951e-09, 1.27142310e-01],
        [8.54141116e-01, 2.11683698e-02, 1.24690518e-01],
        [8.63028705e-01, 1.11637749e-02, 1.25807524e-01],
        [6.75626874e-01, 2.12720200e-01, 1.11652926e-01],
        [8.42367053e-01, 3.44655253e-02, 1.23167425e-01],
        [8.72208595e-01, 7.42402626e-04, 1.27048999e-01],
        [6.50190175e-01, 2.39663988e-01, 1.10145837e-01],
        [8.51385057e-01, 2.41585337e-02, 1.24456406e-01],
        [8.09210181e-01, 6.90487921e-02, 1.21741027e-01]],

       [[8.67948472e-01, 9.66476556e-03, 1.22386761e-01],
        [8.76504064e-01, 9.32372068e-10, 1.23495936e-01],
        [8.57657313e-01, 2.12182570e-02, 1.21124431e-01],
        [8.67215574e-01, 1.04998155e-02, 1.22284614e-01],
        [6.82139397e-01, 2.08929747e-01, 1.08930856e-01],
        [8.45460355e-01, 3.49330790e-02, 1.19606569e-01],
        [8.75955284e-01, 6.25238346e-04, 1.23419479e-01],
        [6.55564964e-01, 2.37066492e-01, 1.07368544e-01],
        [8.54746044e-01, 2.43263803e-02, 1.20927572e-01],
        [8.13918769e-01, 6.76558837e-02, 1.18425347e-01]],

       [[8.58728051e-01, 8.77055060e-03, 1.32501394e-01],
        [8.66399169e-01, 2.84905766e-10, 1.33600831e-01],
        [8.49010170e-01, 1.98213421e-02, 1.31168485e-01],
        [8.58116686e-01, 9.47535411e-03, 1.32407963e-01],
        [6.65558577e-01, 2.17604280e-01, 1.16837144e-01],
        [8.37564230e-01, 3.28548290e-02, 1.29580945e-01],
        [8.65942061e-01, 5.26901393e-04, 1.33531034e-01],
        [6.37309015e-01, 2.47850448e-01, 1.14840537e-01],
        [8.46217394e-01, 2.28359364e-02, 1.30946666e-01],
        [8.02612841e-01, 6.94898665e-02, 1.27897292e-01]],

       [[9.61614251e-01, 3.13682891e-02, 7.01745972e-03],
        [9.89617586e-01, 3.36502818e-03, 7.01738568e-03],
        [9.40185189e-01, 5.27974702e-02, 7.01734051e-03],
        [9.39468801e-01, 5.35137616e-02, 7.01743737e-03],
        [9.39242542e-01, 5.37401550e-02, 7.01730326e-03],
        [9.54339504e-01, 3.86430211e-02, 7.01747462e-03],
        [9.84591484e-01, 8.39088298e-03, 7.01763295e-03],
        [9.55144286e-01, 3.78381312e-02, 7.01758265e-03],
        [9.31563020e-01, 6.14196919e-02, 7.01728836e-03],
        [9.46538031e-01, 4.64447960e-02, 7.01717287e-03]]], dtype=float32)
-------------------------------------------------

Apply Feed Forward on fully Trusted Input
array([[[0.7822875 , 0.        , 0.21771252],
        [0.7899574 , 0.        , 0.2100426 ],
        [0.7732917 , 0.        , 0.22670832],
        [0.7816081 , 0.        , 0.21839187],
        [0.6187807 , 0.        , 0.38121936],
        [0.76257426, 0.        , 0.23742576],
        [0.78944826, 0.        , 0.21055175],
        [0.59568125, 0.        , 0.40431878],
        [0.7706795 , 0.        , 0.22932053],
        [0.73478293, 0.        , 0.2652171 ]]], dtype=float32)
Aggregated Value:  [0.7399092  0.         0.26009086]

Apply Feed Forward on Vacuous Input
array([[[0., 0., 1.],
        [0., 0., 1.],
        [0., 0., 1.],
        [0., 0., 1.],
        [0., 0., 1.],
        [0., 0., 1.],
        [0., 0., 1.],
        [0., 0., 1.],
        [0., 0., 1.],
        [0., 0., 1.]]], dtype=float32)
Aggregated Value:  [0. 0. 1.]

Apply Feed Forward on fully Untrusted Input
array([[[0.        , 0.7822875 , 0.21771252],
        [0.        , 0.7899574 , 0.2100426 ],
        [0.        , 0.7732917 , 0.22670832],
        [0.        , 0.7816081 , 0.21839187],
        [0.        , 0.6187807 , 0.38121936],
        [0.        , 0.76257426, 0.23742576],
        [0.        , 0.78944826, 0.21055175],
        [0.        , 0.59568125, 0.40431878],
        [0.        , 0.7706795 , 0.22932053],
        [0.        , 0.73478293, 0.2652171 ]]], dtype=float32)
Aggregated Value:  [0.         0.7399092  0.26009086]

